2 0.088545 0.710109 0.177089 0.487437
0 0.088545 0.539506 0.021251 0.073116
1 0.088545 0.661365 0.141671 0.194975
2 0.937923 0.810441 0.123304 0.376504
0 0.937923 0.678665 0.014796 0.056476
1 0.937923 0.772791 0.098643 0.150602
2 0.245369 0.725624 0.105514 0.522518
0 0.245369 0.542743 0.012662 0.078378
1 0.245369 0.673372 0.084411 0.209007
2 0.927778 0.457825 0.087030 0.440720
0 0.927778 0.303573 0.010444 0.066108
1 0.927778 0.413753 0.069624 0.176288
2 0.162646 0.650688 0.108698 0.602820
0 0.162646 0.439701 0.013044 0.090423
1 0.162646 0.590406 0.086958 0.241128
2 0.749387 0.375256 0.078942 0.277144
0 0.749387 0.278256 0.010000 0.041572
1 0.749387 0.347542 0.063154 0.110858
2 0.738089 0.637799 0.076175 0.374422
0 0.738089 0.506751 0.010000 0.056163
1 0.738089 0.600357 0.060940 0.149769
2 0.396176 0.277281 0.099341 0.164116
0 0.396176 0.219840 0.011921 0.024617
1 0.396176 0.260869 0.079473 0.065646
2 0.458607 0.251773 0.052958 0.221163
0 0.458607 0.174366 0.010000 0.033174
1 0.458607 0.229657 0.042366 0.088465
2 0.741450 0.219175 0.080484 0.249590
0 0.741450 0.131819 0.010000 0.037438
1 0.741450 0.194216 0.064387 0.099836
2 0.490446 0.197433 0.043898 0.204858
0 0.490446 0.125733 0.010000 0.030729
1 0.490446 0.176947 0.035118 0.081943
2 0.133838 0.253315 0.091956 0.315676
0 0.133838 0.142828 0.011035 0.047351
1 0.133838 0.221747 0.073565 0.126270
2 0.559172 0.242429 0.052152 0.219090
0 0.559172 0.165747 0.010000 0.032863
1 0.559172 0.220520 0.041722 0.087636
2 0.731390 0.939486 0.106189 0.121028
0 0.731390 0.897126 0.012743 0.018154
1 0.731390 0.927383 0.084951 0.048411
2 0.555042 0.298944 0.060457 0.333611
0 0.555042 0.182180 0.010000 0.050042
1 0.555042 0.265583 0.048366 0.133444
2 0.815230 0.309961 0.052117 0.209666
0 0.815230 0.236578 0.010000 0.031450
1 0.815230 0.288994 0.041694 0.083866
