2 0.358855 0.879867 0.122617 0.240266
2 0.457305 0.358094 0.098430 0.248632
2 0.940295 0.773603 0.118296 0.441921
2 0.185509 0.569205 0.114801 0.470436
2 0.973835 0.403206 0.051906 0.357033
2 0.765125 0.698035 0.131351 0.579523
2 0.547090 0.322620 0.058025 0.291600
2 0.905139 0.320739 0.075443 0.321509
2 0.928475 0.370659 0.069391 0.251142
2 0.275856 0.117690 0.049489 0.192503
2 0.700562 0.206884 0.067540 0.180908
2 0.818066 0.278287 0.069949 0.281629
2 0.822790 0.316130 0.066674 0.359407
2 0.699597 0.244370 0.071675 0.255307
