2 0.939731 0.445647 0.086013 0.452131
2 0.155681 0.271135 0.069511 0.382053
2 0.354059 0.245720 0.064465 0.237079
2 0.645195 0.589000 0.117808 0.328250
2 0.247172 0.280253 0.068052 0.399350
2 0.828580 0.341521 0.061239 0.403745
2 0.683762 0.338689 0.060410 0.305084
2 0.786521 0.292191 0.057600 0.366311
2 0.886473 0.351327 0.054400 0.273628
2 0.544093 0.234845 0.049887 0.223680
2 0.603216 0.391389 0.049288 0.234025
2 0.976948 0.563820 0.045638 0.545707
2 0.691120 0.190844 0.053213 0.173101
2 0.495455 0.241726 0.048992 0.228029
