2 0.099234 0.688216 0.194534 0.563852
2 0.305134 0.568862 0.113336 0.617009
2 0.785570 0.783065 0.163905 0.423000
2 0.651727 0.316906 0.065104 0.351185
2 0.360193 0.110436 0.060927 0.202959
2 0.485090 0.236952 0.052719 0.227372
2 0.918794 0.406232 0.094822 0.331893
2 0.796451 0.207902 0.070299 0.174318
2 0.555246 0.332792 0.046666 0.267718
2 0.182626 0.534944 0.099062 0.561116
2 0.730693 0.579564 0.096436 0.329567
2 0.980464 0.411418 0.038564 0.366280
2 0.917387 0.616924 0.108317 0.361419
2 0.816858 0.388030 0.056504 0.246303
2 0.676322 0.185716 0.039347 0.184220
