2 0.140747 0.782075 0.138808 0.422122
2 0.781683 0.732161 0.160729 0.519517
2 0.937942 0.808307 0.123238 0.374301
2 0.901208 0.627160 0.087068 0.347550
2 0.458439 0.350477 0.098971 0.266138
2 0.150010 0.509395 0.123578 0.379228
2 0.631490 0.411721 0.065514 0.334501
2 0.608496 0.276086 0.084244 0.316469
2 0.486903 0.214671 0.047578 0.235535
2 0.228341 0.457060 0.107043 0.463982
2 0.921947 0.373679 0.067803 0.228534
2 0.796268 0.197875 0.084281 0.218075
2 0.617200 0.212449 0.067277 0.194243
2 0.981129 0.417285 0.037316 0.354616
