2 0.925607 0.747626 0.140646 0.421902
2 0.430508 0.145095 0.098862 0.180461
2 0.776695 0.595059 0.107662 0.488666
2 0.612826 0.483831 0.083462 0.363646
2 0.028775 0.382536 0.057549 0.653615
2 0.706025 0.263062 0.106526 0.356378
2 0.243158 0.450578 0.120073 0.377895
2 0.710876 0.588910 0.113703 0.592825
2 0.221089 0.459768 0.075406 0.398220
2 0.085600 0.352957 0.071493 0.439213
2 0.270652 0.373240 0.074273 0.361678
2 0.081396 0.270360 0.062514 0.278239
2 0.713468 0.491999 0.109901 0.402462
2 0.263095 0.423931 0.090932 0.460761
