# Enhanced with helmet and jacket annotations
# Classes: 0=helmet, 1=reflective_jacket, 2=person
# NOTE: This is auto-generated and requires manual review!

2 0.753798 0.570589 0.119608 0.386850
0 0.753798 0.435192 0.014353 0.058028
1 0.753798 0.531904 0.095686 0.154740
2 0.305633 0.849574 0.113931 0.295283
0 0.305633 0.746225 0.013672 0.044292
1 0.305633 0.820046 0.091145 0.118113
2 0.732696 0.267503 0.073701 0.290239
0 0.732696 0.165919 0.010000 0.043536
1 0.732696 0.238479 0.058961 0.116096
2 0.216023 0.467373 0.127188 0.532133
0 0.216023 0.281126 0.015263 0.079820
1 0.216023 0.414160 0.101750 0.212853
2 0.359429 0.338032 0.090721 0.294569
0 0.359429 0.234933 0.010887 0.044185
1 0.359429 0.308575 0.072577 0.117828
2 0.815149 0.317111 0.071768 0.354063
0 0.815149 0.193189 0.010000 0.053109
1 0.815149 0.281705 0.057414 0.141625
2 0.890776 0.462510 0.080175 0.442320
0 0.890776 0.307698 0.010000 0.066348
1 0.890776 0.418278 0.064140 0.176928
