# Enhanced with helmet and jacket annotations
# Classes: 0=helmet, 1=reflective_jacket, 2=person
# NOTE: This is auto-generated and requires manual review!

2 0.790888 0.318687 0.130133 0.483131
0 0.790888 0.149591 0.015616 0.072470
1 0.790888 0.270374 0.104106 0.193252
2 0.026308 0.357928 0.052615 0.641973
0 0.026308 0.133237 0.010000 0.096296
1 0.026308 0.293731 0.042092 0.256789
2 0.186922 0.264013 0.076760 0.319053
0 0.186922 0.152344 0.010000 0.047858
1 0.186922 0.232108 0.061408 0.127621
2 0.270388 0.472175 0.100647 0.434562
0 0.270388 0.320078 0.012078 0.065184
1 0.270388 0.428719 0.080518 0.173825
