# Enhanced with helmet and jacket annotations
# Classes: 0=helmet, 1=reflective_jacket, 2=person
# NOTE: This is auto-generated and requires manual review!

2 0.593479 0.398073 0.035800 0.159581
0 0.593479 0.342220 0.010000 0.023937
1 0.593479 0.382115 0.028640 0.063832
2 0.973637 0.544114 0.041343 0.142424
0 0.973637 0.494266 0.010000 0.021364
1 0.973637 0.529872 0.033074 0.056970
2 0.562154 0.365509 0.034914 0.071750
0 0.562154 0.340396 0.010000 0.010762
1 0.562154 0.358334 0.027931 0.028700
2 0.561998 0.376454 0.037467 0.098081
0 0.561998 0.342126 0.010000 0.014712
1 0.561998 0.366646 0.029974 0.039232
2 0.584970 0.529468 0.073054 0.216339
0 0.584970 0.453749 0.010000 0.032451
1 0.584970 0.507834 0.058443 0.086536
