# Enhanced with helmet and jacket annotations
# Classes: 0=helmet, 1=reflective_jacket, 2=person
# NOTE: This is auto-generated and requires manual review!

2 0.566966 0.377616 0.042274 0.137849
0 0.566966 0.329369 0.010000 0.020677
1 0.566966 0.363831 0.033819 0.055140
2 0.973063 0.545357 0.042616 0.144236
0 0.973063 0.494874 0.010000 0.021635
1 0.973063 0.530933 0.034093 0.057694
2 0.811280 0.519678 0.044021 0.176172
0 0.811280 0.458018 0.010000 0.026426
1 0.811280 0.502061 0.035217 0.070469
2 0.560946 0.251436 0.020598 0.106789
0 0.560946 0.214060 0.010000 0.016018
1 0.560946 0.240757 0.016478 0.042716
