# Enhanced with helmet and jacket annotations
# Classes: 0=helmet, 1=reflective_jacket, 2=person
# NOTE: This is auto-generated and requires manual review!

2 0.758232 0.679112 0.135653 0.618729
0 0.758232 0.462557 0.016278 0.092809
1 0.758232 0.617239 0.108522 0.247492
2 0.182362 0.544822 0.124997 0.611467
0 0.182362 0.330809 0.015000 0.091720
1 0.182362 0.483675 0.099998 0.244587
2 0.112974 0.888364 0.150508 0.219737
0 0.112974 0.811456 0.018061 0.032961
1 0.112974 0.866390 0.120406 0.087895
2 0.357930 0.481845 0.090250 0.537540
0 0.357930 0.293706 0.010830 0.080631
1 0.357930 0.428091 0.072200 0.215016
2 0.770453 0.264032 0.064424 0.290327
0 0.770453 0.162418 0.010000 0.043549
1 0.770453 0.234999 0.051539 0.116131
2 0.235066 0.359705 0.078942 0.451615
0 0.235066 0.201640 0.010000 0.067742
1 0.235066 0.314543 0.063154 0.180646
