# Enhanced with helmet and jacket annotations
# Classes: 0=helmet, 1=reflective_jacket, 2=person
# NOTE: This is auto-generated and requires manual review!

2 0.140747 0.782075 0.138808 0.422122
0 0.140747 0.634332 0.016657 0.063318
1 0.140747 0.739863 0.111046 0.168849
2 0.781683 0.732161 0.160729 0.519517
0 0.781683 0.550330 0.019287 0.077928
1 0.781683 0.680209 0.128583 0.207807
2 0.937942 0.808307 0.123238 0.374301
0 0.937942 0.677302 0.014789 0.056145
1 0.937942 0.770877 0.098590 0.149720
2 0.901208 0.627160 0.087068 0.347550
0 0.901208 0.505518 0.010448 0.052133
1 0.901208 0.592405 0.069654 0.139020
2 0.458439 0.350477 0.098971 0.266138
0 0.458439 0.257329 0.011877 0.039921
1 0.458439 0.323863 0.079177 0.106455
2 0.150010 0.509395 0.123578 0.379228
0 0.150010 0.376665 0.014829 0.056884
1 0.150010 0.471472 0.098862 0.151691
2 0.631490 0.411721 0.065514 0.334501
0 0.631490 0.294646 0.010000 0.050175
1 0.631490 0.378271 0.052411 0.133800
2 0.608496 0.276086 0.084244 0.316469
0 0.608496 0.165322 0.010109 0.047470
1 0.608496 0.244439 0.067395 0.126588
2 0.486903 0.214671 0.047578 0.235535
0 0.486903 0.132234 0.010000 0.035330
1 0.486903 0.191117 0.038062 0.094214
2 0.228341 0.457060 0.107043 0.463982
0 0.228341 0.294666 0.012845 0.069597
1 0.228341 0.410662 0.085634 0.185593
2 0.921947 0.373679 0.067803 0.228534
0 0.921947 0.293692 0.010000 0.034280
1 0.921947 0.350826 0.054242 0.091414
2 0.796268 0.197875 0.084281 0.218075
0 0.796268 0.121549 0.010114 0.032711
1 0.796268 0.176067 0.067425 0.087230
2 0.617200 0.212449 0.067277 0.194243
0 0.617200 0.144464 0.010000 0.029136
1 0.617200 0.193025 0.053822 0.077697
2 0.981129 0.417285 0.037316 0.354616
0 0.981129 0.293169 0.010000 0.053192
1 0.981129 0.381823 0.029853 0.141846
