# Enhanced with helmet and jacket annotations
# Classes: 0=helmet, 1=reflective_jacket, 2=person
# NOTE: This is auto-generated and requires manual review!

2 0.438622 0.473750 0.039230 0.210441
0 0.438622 0.400096 0.010000 0.031566
1 0.438622 0.452706 0.031384 0.084176
2 0.974057 0.542284 0.041944 0.148223
0 0.974057 0.490406 0.010000 0.022233
1 0.974057 0.527462 0.033555 0.059289
2 0.119169 0.601865 0.091651 0.222953
0 0.119169 0.523831 0.010998 0.033443
1 0.119169 0.579570 0.073321 0.089181
2 0.579175 0.225564 0.017873 0.078621
0 0.579175 0.198047 0.010000 0.011793
1 0.579175 0.217702 0.014298 0.031448
