# Enhanced with helmet and jacket annotations
# Classes: 0=helmet, 1=reflective_jacket, 2=person
# NOTE: This is auto-generated and requires manual review!

2 0.196702 0.807568 0.125403 0.375024
0 0.196702 0.676310 0.015048 0.056254
1 0.196702 0.770066 0.100322 0.150010
2 0.497133 0.785582 0.136916 0.423926
0 0.497133 0.637208 0.016430 0.063589
1 0.497133 0.743189 0.109533 0.169570
2 0.426269 0.346592 0.059691 0.287016
0 0.426269 0.246136 0.010000 0.043052
1 0.426269 0.317890 0.047753 0.114806
2 0.714664 0.311879 0.082128 0.358598
0 0.714664 0.186370 0.010000 0.053790
1 0.714664 0.276019 0.065702 0.143439
2 0.489759 0.312795 0.074804 0.333955
0 0.489759 0.195911 0.010000 0.050093
1 0.489759 0.279399 0.059843 0.133582
2 0.770227 0.720802 0.133242 0.542963
0 0.770227 0.530765 0.015989 0.081444
1 0.770227 0.666506 0.106594 0.217185
